A = [0, 0, 1, 0; 0, 0, 0, 1; -6005, 5, -250, 250; 1, -1, 50, -50];
B = [0; 0; 6000; 0];
C = [1, 0, 0, 0; 0, 1, 0, 0];
D = [0; 0];

numerador_G1 = [12000000, 600000000, 12000000];
denominador_G1 = [2000, 600000, 12012000, 600000000, 12000000];

numerador_G2 = [600000000, 12000000];
denominador_G2 = [2000, 600000, 12012000, 600000000, 12000000];

